1|Calories|Energy|0|-1||-1|-1|3|-1|3|-1|3|-1|3
5|Carbohydrates||0|-1|6,173,174,7,9,10,8,11,12,13,122|-1|-1|0|300|0|100|0|-1|0
6|Fiber||0|5||-1|38|0|25|0|-1|0|-1|0
173|Soluble Fiber||0|5||0|-1|0|-1|0|-1|0|-1|0
174|Insoluble Fiber||0|5||0|-1|0|-1|0|-1|0|-1|0
7|Sugars||0|5||-1|-1|0|-1|0|-1|0|-1|0
9|Glucose|dextrose|0|5||0|-1|0|-1|0|-1|0|-1|0
10|Fructose||0|5||0|-1|0|-1|0|-1|0|-1|0
8|Sucrose||0|5||0|-1|0|-1|0|-1|0|-1|0
11|Lactose||0|5||0|-1|0|-1|0|-1|0|-1|0
12|Maltose||0|5||0|-1|0|-1|0|-1|0|-1|0
13|Galactose||0|5||0|-1|0|-1|0|-1|0|-1|0
122|Starch||0|5||0|-1|0|-1|0|-1|0|-1|0
3|Fat|Lipids|0|-1|55,69,64,150,77,56,57,58,59,60,61,62,63,65,66,67,68,70,71,72,73,74,75,76,78,123,124,125,126,127,128,129,130,131,132,133,134,135,136,137,142,143,144,145,146,147,148,149,151,153,154,155,156,157,158,160,161,177|-1|-1|0|65|0|-1|0|-1|0
55|Saturated Fat||0|3||-1|-1|0|20|0|-1|0|-1|0
69|Polyunsaturated Fat||0|3||-1|-1|0|-1|0|-1|0|-1|0
64|Monounsaturated Fat||0|3||-1|-1|0|-1|0|-1|0|-1|0
150|Trans Fat||0|3||0|-1|0|-1|0|-1|0|-1|0
77|Cholesterol||0|3||-1|-1|1|300|1|-1|1|-1|1
56|4:0||0|3||0|-1|0|-1|0|-1|0|-1|0
57|6:0||0|3||0|-1|0|-1|0|-1|0|-1|0
58|8:0||0|3||0|-1|0|-1|0|-1|0|-1|0
59|10:0||0|3||0|-1|0|-1|0|-1|0|-1|0
60|12:0||0|3||0|-1|0|-1|0|-1|0|-1|0
61|14:0||0|3||0|-1|0|-1|0|-1|0|-1|0
62|16:0||0|3||0|-1|0|-1|0|-1|0|-1|0
63|18:0||0|3||0|-1|0|-1|0|-1|0|-1|0
65|16:1 undifferentiated||0|3||0|-1|0|-1|0|-1|0|-1|0
66|18:1 undifferentiated||0|3||0|-1|0|-1|0|-1|0|-1|0
67|20:1||0|3||0|-1|0|-1|0|-1|0|-1|0
68|22:1 undifferentiated||0|3||0|-1|0|-1|0|-1|0|-1|0
70|LA|Linoleic acid;18:2 undifferentiated|0|3||-1|-1|0|-1|0|-1|0|-1|0
71|ALA|alpha-Linolenic acid;α-Linolenic acid;18:3 undifferentiated|0|3||-1|-1|0|-1|0|-1|0|-1|0
72|18:4||0|3||0|-1|0|-1|0|-1|0|-1|0
73|20:4 n-6 (ARA)|20:4 undifferentiated;Arachidonic acid|0|3||-1|-1|0|-1|0|-1|0|-1|0
74|20:5 n-3 (EPA)|Eicosapentaenoic acid;EPA|0|3||-1|-1|0|-1|0|-1|0|-1|0
75|22:5 n-3 (DPA)||0|3||-1|-1|0|-1|0|-1|0|-1|0
76|22:6 n-3 (DHA)|Docosahexaenoic acid;DHA|0|3||-1|-1|0|-1|0|-1|0|-1|0
78|Phytosterols||0|3||0|-1|1|-1|1|-1|1|-1|1
123|15:0||0|3||0|-1|0|-1|0|-1|0|-1|0
124|17:0||0|3||0|-1|0|-1|0|-1|0|-1|0
125|20:0||0|3||0|-1|0|-1|0|-1|0|-1|0
126|22:0||0|3||0|-1|0|-1|0|-1|0|-1|0
127|24:0||0|3||0|-1|0|-1|0|-1|0|-1|0
128|14:1||0|3||0|-1|0|-1|0|-1|0|-1|0
129|15:1||0|3||0|-1|0|-1|0|-1|0|-1|0
130|17:1||0|3||0|-1|0|-1|0|-1|0|-1|0
131|18:3 n-3 c,c,c|ALA|0|3||0|-1|0|-1|0|-1|0|-1|0
132|18:3 n-6 c,c,c||0|3||0|-1|0|-1|0|-1|0|-1|0
133|20:2 n-6 c,c||0|3||0|-1|0|-1|0|-1|0|-1|0
134|20:3 undifferentiated||0|3||0|-1|0|-1|0|-1|0|-1|0
135|Stigmasterol||0|3||0|-1|1|-1|1|-1|1|-1|1
136|Campesterol||0|3||0|-1|1|-1|1|-1|1|-1|1
137|Beta-sitosterol||0|3||0|-1|1|-1|1|-1|1|-1|1
142|24:1 c||0|3||0|-1|0|-1|0|-1|0|-1|0
143|21:5||0|3||0|-1|0|-1|0|-1|0|-1|0
144|22:4||0|3||0|-1|0|-1|0|-1|0|-1|0
145|18:1 c||0|3||0|-1|0|-1|0|-1|0|-1|0
146|18:1 t||0|3||0|-1|0|-1|0|-1|0|-1|0
147|18:2 n-6 c,c||0|3||0|-1|0|-1|0|-1|0|-1|0
148|18:2 CLAs||0|3||0|-1|0|-1|0|-1|0|-1|0
149|18:2 t not further defined||0|3||0|-1|0|-1|0|-1|0|-1|0
151|Transmonoenoic Fats||0|3||0|-1|0|-1|0|-1|0|-1|0
153|16:1 c||0|3||0|-1|0|-1|0|-1|0|-1|0
154|16:1 t||0|3||0|-1|0|-1|0|-1|0|-1|0
155|22:1 c||0|3||0|-1|0|-1|0|-1|0|-1|0
156|22:1 t||0|3||0|-1|0|-1|0|-1|0|-1|0
157|18:3i||0|3||0|-1|0|-1|0|-1|0|-1|0
158|20:3 n-6||0|3||0|-1|0|-1|0|-1|0|-1|0
160|18:2 i||0|3||0|-1|0|-1|0|-1|0|-1|0
161|13:0||0|3||0|-1|0|-1|0|-1|0|-1|0
177|18:2 t,t||0|3||0|-1|0|-1|0|-1|0|-1|0
2|Protein||0|-1|79,80,81,82,83,84,85,86,87,88,89,90,91,92,93,94,95,96,159|-1|-1|0|50|0|-1|0|-1|0
79|Tryptophan||0|2||0|-1|0|-1|0|-1|0|-1|0
80|Threonine||0|2||0|-1|0|-1|0|-1|0|-1|0
81|Isoleucine||0|2||0|-1|0|-1|0|-1|0|-1|0
82|Leucine||0|2||0|-1|0|-1|0|-1|0|-1|0
83|Lysine||0|2||0|-1|0|-1|0|-1|0|-1|0
84|Methionine||0|2||0|-1|0|-1|0|-1|0|-1|0
85|Cystine||0|2||0|-1|0|-1|0|-1|0|-1|0
86|Phenylalanine||0|2||0|-1|0|-1|0|-1|0|-1|0
87|Tyrosine||0|2||0|-1|0|-1|0|-1|0|-1|0
88|Valine||0|2||0|-1|0|-1|0|-1|0|-1|0
89|Arginine||0|2||0|-1|0|-1|0|-1|0|-1|0
90|Histidine||0|2||0|-1|0|-1|0|-1|0|-1|0
91|Alanine||0|2||0|-1|0|-1|0|-1|0|-1|0
92|Aspartic acid||0|2||0|-1|0|-1|0|-1|0|-1|0
93|Glutamic acid||0|2||0|-1|0|-1|0|-1|0|-1|0
94|Glycine||0|2||0|-1|0|-1|0|-1|0|-1|0
95|Proline||0|2||0|-1|0|-1|0|-1|0|-1|0
96|Serine||0|2||0|-1|0|-1|0|-1|0|-1|0
159|Hydroxyproline||0|2||0|-1|0|-1|0|-1|0|-1|0
0|Water||0|-1||0|-1|0|-1|0|-1|0|-1|0
38|Betaine||1|-1||0|-1|1|-1|1|-1|1|-1|1
30|Vitamin A||1|-1|41,42,43,44,45,46,47|0|900|2|5000|4|625|2|3000|2
41|Vitamin A, RAE||1|30||-1|900|2|-1|2|625|2|-1|2
42|Retinol||1|30||0|-1|2|-1|2|-1|2|-1|2
43|Carotene|beta|1|30||0|-1|2|-1|2|-1|2|-1|2
44|Carotene, alpha||1|30||0|-1|2|-1|2|-1|2|-1|2
45|Cryptoxanthin, beta||1|30||0|-1|2|-1|2|-1|2|-1|2
46|Lycopene||1|30||0|-1|2|-1|2|-1|2|-1|2
47|Lutein + zeaxanthin||1|30||0|-1|2|-1|2|-1|2|-1|2
26|Thiamin|B1|1|-1||-1|1.2|1|1.5|1|1|1|-1|1
27|Riboflavin|B2|1|-1||-1|1.3|1|1.7|1|1.1|1|-1|1
28|Niacin|B3|1|-1||-1|16|1|20|1|12|1|35|1
29|Pantothenic acid|B5|1|-1||-1|5|1|10|1|-1|1|-1|1
32|Vitamin B6||1|-1||-1|1.3|1|2|1|1.1|1|100|1
170|Biotin|B7|1|-1||0|30|2|300|2|-1|2|-1|2
37|Choline||1|-1||-1|550|1|-1|1|-1|1|3.5|0
33|Folate|B9|1|-1|34,35,36|-1|400|2|400|2|320|2|1000|2
34|Folic acid||1|33||0|-1|2|-1|2|-1|2|-1|2
35|Folate, food||1|33||0|-1|2|-1|2|-1|2|-1|2
36|Folate, DFE||1|33||0|-1|2|-1|2|-1|2|-1|2
39|Vitamin B12||1|-1|40|-1|2.4|2|6|2|2|2|-1|2
40|Vitamin B12, added||1|39||0|-1|2|-1|2|-1|2|-1|2
25|Vitamin C|total ascorbic acid|1|-1||-1|90|1|60|1|75|1|2000|1
31|Vitamin D||1|-1|53,152,176|-1|15|2|400|4|10|2|100|2
53|Vitamin D2 + D3||1|31||0|-1|2|-1|2|-1|2|-1|2
152|Vitamin D3|cholecalciferol|1|31||0|-1|2|-1|2|-1|2|-1|2
176|Vitamin D2|ergocalciferol|1|31||0|-1|2|-1|2|-1|2|-1|2
48|Vitamin E|alpha-tocopherol|1|-1|49,50,51,52|-1|15|1|30|1|12|1|1000|1
49|Vitamin E, added||1|48||0|-1|1|-1|1|-1|1|-1|1
50|Tocopherol, beta||1|48||0|-1|1|-1|1|-1|1|-1|1
51|Tocopherol, gamma||1|48||0|-1|1|-1|1|-1|1|-1|1
52|Tocopherol, delta||1|48||0|-1|1|-1|1|-1|1|-1|1
54|Vitamin K|phylloquinone|1|-1||-1|120|2|80|2|-1|2|-1|2
181|Vanadium||2|-1||0|-1|1|-1|1|-1|1|1.8|1
178|Boron|B|2|-1||0|-1|1|-1|1|-1|1|20|1
14|Calcium|Ca|2|-1||-1|1000|1|1000|1|800|1|2500|1
172|Chloride|Cl|2|-1||0|2.3|0|3400|1|-1|0|3.6|0
171|Chromium|Cr|2|-1||0|35|2|120|2|-1|2|-1|2
21|Copper|Cu|2|-1||-1|900|2|2|1|700|2|10000|2
24|Fluoride|F|2|-1||0|4|1|-1|2|-1|1|10|1
168|Iodine||2|-1||0|150|2|150|2|95|2|1100|2
15|Iron|Fe|2|-1||-1|8|1|18|1|6|1|45|1
16|Magnesium|Mg|2|-1||-1|400|1|400|1|330|1|-1|1
22|Manganese|Mn|2|-1||-1|2.3|1|2|1|-1|1|11|1
169|Molybdenum||2|-1||0|45|2|75|2|34|2|2000|2
179|Nickel|Ni|2|-1||0|-1|1|-1|1|-1|1|1|1
17|Phosphorus|P|2|-1||-1|700|1|1000|1|580|1|4|0
18|Potassium|K|2|-1||-1|4.7|0|3500|1|-1|0|-1|0
23|Selenium|Se|2|-1||-1|55|2|70|2|45|2|400|2
180|Silicon||2|-1||0|-1|1|-1|1|-1|1|-1|1
19|Sodium|Na|2|-1||-1|1.5|0|2400|1|-1|0|2.3|0
20|Zinc|Zn|2|-1||-1|11|1|15|1|9.4|1|40|1
97|Alcohol, ethyl||3|-1||0|-1|0|-1|0|-1|0|-1|0
4|Ash||3|-1||0|-1|0|-1|0|-1|0|-1|0
98|Caffeine||3|-1||0|-1|1|-1|1|-1|1|-1|1
99|Theobromine||3|-1||0|-1|1|-1|1|-1|1|-1|1
101|Delphinidin||4|-1||0|-1|1|-1|1|-1|1|-1|1
102|Malvidin||4|-1||0|-1|1|-1|1|-1|1|-1|1
103|Pelargonidin||4|-1||0|-1|1|-1|1|-1|1|-1|1
104|Peonidin||4|-1||0|-1|1|-1|1|-1|1|-1|1
100|Petunidin||4|-1||0|-1|1|-1|1|-1|1|-1|1
213|Cyanidin||4|-1||0|-1|1|-1|1|-1|1|-1|1
223|Cyanidin||4|-1||0|-1|1|-1|1|-1|1|-1|1
229|Cyanidin||4|-1||0|-1|1|-1|1|-1|1|-1|1
247|Cyanidin||4|-1||0|-1|1|-1|1|-1|1|-1|1
270|Cyanidin||4|-1||0|-1|1|-1|1|-1|1|-1|1
290|Cyanidin||4|-1||0|-1|1|-1|1|-1|1|-1|1
162|Monomers||5|-1||0|-1|1|-1|1|-1|1|-1|1
163|Dimers||5|-1||0|-1|1|-1|1|-1|1|-1|1
164|Trimers||5|-1||0|-1|1|-1|1|-1|1|-1|1
167|Polymers|>10mers|5|-1||0|-1|1|-1|1|-1|1|-1|1
165|4-6mers||5|-1||0|-1|1|-1|1|-1|1|-1|1
166|7-10mers||5|-1||0|-1|1|-1|1|-1|1|-1|1
224|Proanthocyanidin polymers|>10mers|5|-1||0|-1|1|-1|1|-1|1|-1|1
107|(-)-Epicatechin||6|-1||0|-1|1|-1|1|-1|1|-1|1
108|(-)-Epicatechin 3-gallate||6|-1||0|-1|1|-1|1|-1|1|-1|1
106|(-)-Epigallocatechin||6|-1||0|-1|1|-1|1|-1|1|-1|1
109|(-)-Epigallocatechin 3-gallate||6|-1||0|-1|1|-1|1|-1|1|-1|1
105|(+)-Catechin||6|-1||0|-1|1|-1|1|-1|1|-1|1
110|(+)-Gallocatechin||6|-1||0|-1|1|-1|1|-1|1|-1|1
111|Hesperetin||7|-1||0|-1|1|-1|1|-1|1|-1|1
112|Naringenin||7|-1||0|-1|1|-1|1|-1|1|-1|1
175|Eriodictyol||7|-1||0|-1|1|-1|1|-1|1|-1|1
113|Apigenin||8|-1||0|-1|1|-1|1|-1|1|-1|1
114|Luteolin||8|-1||0|-1|1|-1|1|-1|1|-1|1
115|Isorhamnetin||9|-1||0|-1|1|-1|1|-1|1|-1|1
116|Kaempferol||9|-1||0|-1|1|-1|1|-1|1|-1|1
117|Myricetin||9|-1||0|-1|1|-1|1|-1|1|-1|1
118|Quercetin||9|-1||0|-1|1|-1|1|-1|1|-1|1
139|Biochanin A||10|-1||0|-1|1|-1|1|-1|1|-1|1
121|Total isoflavones||10|-1||0|-1|1|-1|1|-1|1|-1|1
141|Coumestrol||10|-1||0|-1|1|-1|1|-1|1|-1|1
119|Daidzein||10|-1||0|-1|1|-1|1|-1|1|-1|1
140|Formononetin||10|-1||0|-1|1|-1|1|-1|1|-1|1
120|Genistein||10|-1||0|-1|1|-1|1|-1|1|-1|1
138|Glycitein||10|-1||0|-1|1|-1|1|-1|1|-1|1
322|Cyanidin||4|-1||0|-1|1|-1|1|-1|1|-1|1
